

---------- SCAN result ----------
network.datResult, epsilon=0.1, mu=2
Cluster[1]:0,1,10,100,101,102,103,104,105,106,107,108,109,11,110,111,112,113,114,12,13,14,15,16,17,18,19,2,20,21,22,23,24,25,26,27,28,29,3,30,31,32,33,34,35,36,37,38,39,4,40,41,42,43,44,45,46,47,48,49,5,50,51,52,53,54,55,56,57,58,59,6,60,61,62,63,64,65,66,67,68,69,7,70,71,72,73,74,75,76,77,78,79,8,80,81,82,83,84,85,86,87,88,89,9,90,91,92,93,94,95,96,97,98,99,
Modularity: 0.0

---------- SCAN result ----------
network.datResult, epsilon=0.2, mu=2
Cluster[1]:0,1,10,100,101,102,103,104,105,106,107,108,109,11,110,111,112,113,114,12,13,14,15,16,17,18,19,2,20,21,22,23,24,25,26,27,28,29,3,30,31,32,33,34,35,36,37,38,39,4,40,41,42,43,44,45,46,47,48,49,5,50,51,52,53,54,55,56,57,58,59,6,60,61,62,63,64,65,66,67,68,69,7,70,71,72,73,74,75,76,77,78,79,8,80,81,82,83,84,85,86,87,88,89,9,90,91,92,93,94,95,96,97,98,99,
Modularity: 0.0

---------- SCAN result ----------
network.datResult, epsilon=0.3, mu=2
Cluster[1]:0,10,100,101,102,104,106,107,108,11,110,111,112,113,114,12,13,14,15,16,17,18,19,2,20,21,22,23,24,26,27,28,29,3,30,31,32,34,35,36,38,39,4,40,41,42,43,44,46,47,48,49,5,50,51,52,53,54,55,56,57,58,59,6,60,61,62,63,64,65,66,67,68,69,7,70,71,72,73,74,75,76,77,78,79,8,80,81,82,83,84,85,86,87,88,9,90,91,92,93,94,95,96,97,98,99,
Cluster[2]:1,103,105,109,25,33,37,45,89,
Modularity: 0.1049

---------- SCAN result ----------
network.datResult, epsilon=0.4, mu=2
Cluster[1]:0,10,102,104,107,108,11,111,16,21,22,23,24,28,3,4,40,41,5,50,51,52,68,69,7,72,74,77,78,8,81,84,9,90,93,98,
Cluster[2]:1,103,105,109,25,33,37,45,89,
Cluster[3]:100,106,13,15,2,32,39,47,6,60,64,
Cluster[4]:101,112,19,29,30,35,44,48,55,57,66,75,79,80,82,86,91,92,94,
Cluster[5]:110,114,46,49,53,67,73,83,88,
Cluster[6]:113,17,20,27,56,62,65,70,76,87,95,96,
Cluster[7]:12,14,18,26,31,34,36,38,42,43,54,61,71,85,99,
Cluster[8]:58,59,63,97,
Modularity: 0.5751

---------- SCAN result ----------
network.datResult, epsilon=0.5, mu=2
OUTLIERS:82,
HUBS:36,42,
Cluster[1]:0,104,16,23,4,41,9,93,
Cluster[2]:1,103,105,109,25,33,37,45,89,
Cluster[3]:10,102,107,11,24,28,3,40,5,50,52,69,72,74,81,84,90,98,
Cluster[4]:100,106,13,15,2,32,39,47,6,60,64,
Cluster[5]:101,19,29,30,35,55,79,80,94,
Cluster[6]:108,111,21,22,51,68,7,77,78,8,
Cluster[7]:110,114,46,49,53,67,73,83,88,
Cluster[8]:112,44,48,57,66,75,86,91,92,
Cluster[9]:113,17,20,27,56,62,65,70,76,87,95,96,
Cluster[10]:12,14,18,26,31,34,38,43,54,61,71,85,99,
Cluster[11]:58,59,
Cluster[12]:63,97,
Modularity: 0.5794

---------- SCAN result ----------
network.datResult, epsilon=0.6, mu=2
OUTLIERS:112,24,58,80,82,
HUBS:36,42,59,63,97,
Cluster[1]:0,104,16,23,4,41,9,93,
Cluster[2]:1,103,105,109,25,33,37,45,89,
Cluster[3]:10,107,5,81,84,98,
Cluster[4]:100,106,13,15,2,32,39,47,6,60,64,
Cluster[5]:101,19,29,30,35,55,79,94,
Cluster[6]:102,3,40,52,72,74,
Cluster[7]:108,111,21,22,51,68,7,77,78,8,
Cluster[8]:11,28,50,69,90,
Cluster[9]:110,114,46,49,53,67,73,83,88,
Cluster[10]:113,17,20,27,56,62,65,70,76,87,95,96,
Cluster[11]:12,14,26,38,43,85,
Cluster[12]:18,31,34,54,61,71,99,
Cluster[13]:44,48,57,66,75,86,91,92,
Modularity: 0.5183

---------- SCAN result ----------
network.datResult, epsilon=0.7, mu=2
OUTLIERS:100,106,11,112,12,13,15,17,2,24,32,39,44,47,57,58,6,60,61,64,69,76,80,82,87,91,92,
HUBS:36,42,59,63,85,90,97,
Cluster[1]:0,104,16,23,4,41,9,93,
Cluster[2]:1,103,105,109,25,33,37,45,89,
Cluster[3]:10,107,81,98,
Cluster[4]:101,19,29,30,35,55,79,94,
Cluster[5]:102,40,72,
Cluster[6]:108,111,21,22,51,68,7,77,78,8,
Cluster[7]:110,114,46,49,53,67,73,83,88,
Cluster[8]:113,20,
Cluster[9]:14,38,
Cluster[10]:18,31,34,54,71,99,
Cluster[11]:26,43,
Cluster[12]:27,56,
Cluster[13]:28,50,
Cluster[14]:3,52,74,
Cluster[15]:48,86,
Cluster[16]:5,84,
Cluster[17]:62,70,95,
Cluster[18]:65,96,
Cluster[19]:66,75,
Modularity: 0.2978

---------- SCAN result ----------
network.datResult, epsilon=0.8, mu=2
OUTLIERS:101,102,104,107,11,111,13,14,15,16,17,18,19,2,20,21,22,23,24,25,26,27,30,31,32,34,35,38,39,4,40,41,43,44,46,47,48,5,51,52,55,56,57,58,6,60,61,62,64,65,66,68,69,70,72,73,74,75,76,78,79,8,80,81,82,84,86,87,89,9,91,92,93,95,96,98,99,
HUBS:0,10,100,106,108,109,110,112,113,12,28,3,36,42,50,59,63,85,90,97,
Cluster[1]:1,103,105,33,37,45,
Cluster[2]:114,49,53,67,83,88,
Cluster[3]:29,94,
Cluster[4]:54,71,
Cluster[5]:7,77,
Modularity: 0.047

---------- SCAN result ----------
network.datResult, epsilon=0.9, mu=2
HUBS:0,1,10,100,101,102,103,104,105,106,107,108,109,11,110,111,112,113,114,12,13,14,15,16,17,18,19,2,20,21,22,23,24,25,26,27,28,29,3,30,31,32,33,34,35,36,37,38,39,4,40,41,42,43,44,45,46,47,48,49,5,50,51,52,53,54,55,56,57,58,59,6,60,61,62,63,64,65,66,67,68,69,7,70,71,72,73,74,75,76,77,78,79,8,80,81,82,83,84,85,86,87,88,89,9,90,91,92,93,94,95,96,97,98,99,
Modularity: 0.0

---------- SCAN result ----------
network.datResult, epsilon=1.0, mu=2
HUBS:0,1,10,100,101,102,103,104,105,106,107,108,109,11,110,111,112,113,114,12,13,14,15,16,17,18,19,2,20,21,22,23,24,25,26,27,28,29,3,30,31,32,33,34,35,36,37,38,39,4,40,41,42,43,44,45,46,47,48,49,5,50,51,52,53,54,55,56,57,58,59,6,60,61,62,63,64,65,66,67,68,69,7,70,71,72,73,74,75,76,77,78,79,8,80,81,82,83,84,85,86,87,88,89,9,90,91,92,93,94,95,96,97,98,99,
Modularity: 0.0